Raw value,Corresponding cumulative value,Corresponding Cloglog value,Fractional area,Training omission,Test omission
1.02707E-6,0.000102707,0.003849778,1,0,0
1.04728E-6,0.000311941,0.003925396,0.999801213,0,0
1.08807E-6,0.000528395,0.004077957,0.999602425,0,0
1.13629E-6,0.001088119,0.004258303,0.999105457,0,0
1.21157E-6,0.002615736,0.004539781,0.997813339,0,0
1.35453E-6,0.00506913,0.005074065,0.995924858,0,0
1.61521E-6,0.010106027,0.006047625,0.992545473,0,0
2.08238E-6,0.025095696,0.007789982,0.984494583,0,0
2.70943E-6,0.050068643,0.010123799,0.974257032,0,0
3.32759E-6,0.100168815,0.012419169,0.957757678,0,0
4.32714E-6,0.200213698,0.016119433,0.931716529,0,0
5.33426E-6,0.300358962,0.019833724,0.910744459,0,0
6.33728E-6,0.400294854,0.023518954,0.893648743,0,0
7.29071E-6,0.500569872,0.027009149,0.878938475,0,0
8.58534E-6,0.600650798,0.031728385,0.866414869,0,0
9.55916E-6,0.700105773,0.035263094,0.855580956,0,0
1.00395E-5,0.750119809,0.037001793,0.850511878,0,0
1.04445E-5,0.800391453,0.038465406,0.845641586,0,0
1.12004E-5,0.90080162,0.041191139,0.836397972,0,0
1.19232E-5,1.000398593,0.043790245,0.827850114,0,0
1.27573E-5,1.100439881,0.046780873,0.819799225,0,0
1.36069E-5,1.200605589,0.049817685,0.812245304,0,0
1.45528E-5,1.300107106,0.053186925,0.805188351,0,0
1.53271E-5,1.400265529,0.055936122,0.798528973,0,0
1.60826E-5,1.501029615,0.058611153,0.792167777,0,0
1.75089E-5,1.750957548,0.063640316,0.777457509,0,0
1.88274E-5,2.000146434,0.068265177,0.763840573,0,0
1.99809E-5,2.2502288,0.072292939,0.751018785,0,0
2.12088E-5,2.500725409,0.076561017,0.738892754,0,0
2.21795E-5,2.751866798,0.07992138,0.727363085,0,0
2.32125E-5,3.001982824,0.083483987,0.716429778,0.016129032,0
2.40095E-5,3.252368871,0.086223219,0.705894046,0.016129032,0
2.49599E-5,3.500203403,0.089478866,0.695855283,0.016129032,0
2.57083E-5,3.750976958,0.092034306,0.686015307,0.032258065,0
2.65486E-5,4.001556736,0.09489518,0.676473512,0.032258065,0
2.74047E-5,4.252151994,0.097800614,0.667229898,0.032258065,0
2.82224E-5,4.502719533,0.100566879,0.658284465,0.032258065,0
2.91637E-5,4.752692173,0.103740774,0.649637213,0.032258065,0
2.99707E-5,5.000936482,0.106453104,0.641288142,0.032258065,0
3.07867E-5,5.250071179,0.109186999,0.633137859,0.064516129,0
3.15176E-5,5.502546832,0.111628818,0.625086969,0.064516129,0
3.21558E-5,5.75117169,0.113755547,0.617334261,0.064516129,0
3.28176E-5,6.001246666,0.115955532,0.609680946,0.064516129,0
3.36108E-5,6.250583063,0.118585075,0.602226419,0.064516129,0
3.42506E-5,6.501256442,0.12070053,0.594871285,0.064516129,0
3.48507E-5,6.753458652,0.122680086,0.587615545,0.064516129,0
3.54505E-5,7.002994249,0.124654016,0.580558593,0.064516129,0
3.60821E-5,7.253543094,0.126727662,0.573601034,0.080645161,0
3.68015E-5,7.501328763,0.129083924,0.566842262,0.080645161,0
3.73569E-5,7.75343095,0.130898533,0.560083491,0.080645161,0
3.79591E-5,8.002025993,0.132861982,0.553523507,0.080645161,0
3.86775E-5,8.251154561,0.135198233,0.547062916,0.080645161,0
3.92478E-5,8.500748744,0.137048478,0.54070172,0.080645161,0
3.98954E-5,8.753827925,0.139144806,0.534340523,0.080645161,0
4.07872E-5,9.003985852,0.142023025,0.528178114,0.080645161,0
4.14182E-5,9.250654959,0.144053913,0.522214492,0.080645161,0
4.21419E-5,9.50139007,0.146377154,0.51625087,0.080645161,0
4.30425E-5,9.752864668,0.149259337,0.510386641,0.080645161,0.066666667
4.38783E-5,10.000699351,0.151925775,0.504721201,0.080645161,0.066666667
4.49514E-5,10.253509105,0.155336474,0.49905576,0.080645161,0.066666667
4.57578E-5,10.503142559,0.15789075,0.493589106,0.080645161,0.066666667
4.65625E-5,10.75247622,0.16043183,0.488221847,0.080645161,0.066666667
4.72711E-5,11.001100658,0.162663212,0.482953981,0.080645161,0.066666667
4.79856E-5,11.253473049,0.164906907,0.477686115,0.080645161,0.066666667
4.88339E-5,11.500692764,0.167563102,0.472617036,0.080645161,0.066666667
4.94943E-5,11.751386292,0.169625243,0.467547957,0.080645161,0.066666667
5.00495E-5,12.000078744,0.171354887,0.462578273,0.080645161,0.066666667
5.07815E-5,12.252008701,0.173629649,0.457608588,0.080645161,0.066666667
5.14845E-5,12.502649252,0.175808566,0.452738296,0.080645161,0.066666667
5.21686E-5,12.751480055,0.177923405,0.447967399,0.080645161,0.066666667
5.30493E-5,13.003933584,0.180637854,0.443196501,0.080645161,0.066666667
5.35995E-5,13.254780108,0.182329087,0.438524998,0.080645161,0.066666667
5.41198E-5,13.502535963,0.183925382,0.433952887,0.080645161,0.066666667
5.47987E-5,13.753050012,0.186003491,0.429380777,0.080645161,0.066666667
5.56967E-5,14.001723614,0.188744023,0.424908061,0.080645161,0.066666667
5.64222E-5,14.25385698,0.190951389,0.420435344,0.080645161,0.066666667
5.72351E-5,14.504045479,0.19341749,0.416062022,0.080645161,0.066666667
5.78296E-5,14.751285547,0.195216413,0.411788093,0.080645161,0.066666667
5.85115E-5,15.00162409,0.197274478,0.407514164,0.080645161,0.066666667
5.9049E-5,15.254419973,0.198893392,0.403240235,0.080645161,0.066666667
5.99448E-5,15.504306959,0.201583832,0.399065699,0.080645161,0.066666667
6.06861E-5,15.75175477,0.203803503,0.394990558,0.080645161,0.066666667
6.12503E-5,16.001975938,0.205488952,0.390915416,0.080645161,0.066666667
6.19346E-5,16.254543973,0.207528149,0.386840274,0.080645161,0.066666667
6.26588E-5,16.503771585,0.209680444,0.382864526,0.112903226,0.066666667
6.3356E-5,16.755870187,0.21174718,0.378888778,0.112903226,0.066666667
6.41893E-5,17.004651224,0.214210227,0.375012424,0.112903226,0.066666667
6.48542E-5,17.256247417,0.2161697,0.37113607,0.112903226,0.066666667
6.56815E-5,17.504232872,0.218601404,0.367359109,0.112903226,0.066666667
6.66689E-5,17.755747318,0.221493735,0.363582149,0.112903226,0.066666667
6.73208E-5,18.003478699,0.223397292,0.359904582,0.112903226,0.066666667
6.80761E-5,18.254158737,0.22559699,0.356227015,0.112903226,0.066666667
6.88087E-5,18.500481674,0.2277246,0.352648842,0.129032258,0.066666667
6.9747E-5,18.750008866,0.230441402,0.349070669,0.129032258,0.066666667
7.0623E-5,19.002704787,0.232968775,0.345492496,0.161290323,0.066666667
7.15337E-5,19.251420412,0.235587682,0.342013716,0.177419355,0.133333333
7.22664E-5,19.502982869,0.237688403,0.338534937,0.177419355,0.133333333
7.30452E-5,19.757192511,0.239914721,0.335056157,0.177419355,0.2
7.41915E-5,20.000443611,0.243179867,0.331776165,0.177419355,0.2
7.50677E-5,20.254101799,0.245666194,0.32839678,0.177419355,0.2
7.59579E-5,20.503049176,0.248183886,0.325116788,0.177419355,0.2
7.68417E-5,20.755130697,0.250675081,0.321836796,0.193548387,0.2
7.76548E-5,21.002495626,0.252959579,0.318656197,0.193548387,0.2
7.84351E-5,21.252328369,0.255145675,0.315475599,0.193548387,0.2
7.88734E-5,21.504011343,0.256370653,0.312295,0.193548387,0.2
7.95312E-5,21.757515271,0.258205641,0.309114402,0.193548387,0.2
8.01312E-5,22.00501377,0.259875035,0.306033197,0.193548387,0.2
8.08034E-5,22.254851722,0.261741339,0.302951993,0.193548387,0.2
8.14112E-5,22.506353009,0.263424393,0.299870788,0.225806452,0.2
8.21972E-5,22.751961682,0.265595494,0.296888977,0.225806452,0.2
8.31011E-5,23.007975642,0.268084446,0.293807773,0.241935484,0.2
8.37587E-5,23.258331001,0.269889805,0.290825962,0.241935484,0.2
8.44546E-5,23.502241589,0.271795348,0.287943544,0.241935484,0.2
8.5073E-5,23.756459376,0.273484425,0.284961733,0.241935484,0.2
8.59285E-5,24.004548428,0.275815004,0.282079316,0.258064516,0.2
8.67841E-5,24.255141569,0.278138253,0.279196899,0.258064516,0.2
8.748E-5,24.507828368,0.280022256,0.276314482,0.258064516,0.266666667
8.80493E-5,24.753549209,0.281560009,0.273531458,0.258064516,0.266666667
8.89665E-5,25.001357454,0.284030545,0.270748435,0.274193548,0.266666667
8.95021E-5,25.25128012,0.285469217,0.267965411,0.274193548,0.266666667
9.06844E-5,25.503743937,0.288634942,0.265182387,0.274193548,0.266666667
9.15668E-5,25.758988093,0.29098839,0.262399364,0.274193548,0.266666667
9.25437E-5,26.007397605,0.29358486,0.259715734,0.274193548,0.266666667
9.35097E-5,26.258663703,0.296142883,0.257032104,0.274193548,0.266666667
9.44243E-5,26.502954945,0.298556399,0.254447868,0.274193548,0.266666667
9.53071E-5,26.759022439,0.300878111,0.251764238,0.274193548,0.333333333
9.62933E-5,27.008197077,0.303462572,0.249180002,0.274193548,0.333333333
9.70284E-5,27.250023717,0.305382954,0.24669516,0.274193548,0.333333333
9.81046E-5,27.5033901,0.308184724,0.244110923,0.274193548,0.333333333
9.92016E-5,27.759889637,0.311028909,0.241526687,0.290322581,0.333333333
1.00029E-4,28.008956511,0.313166271,0.239041845,0.290322581,0.4
1.00837E-4,28.250097483,0.315248665,0.236656396,0.290322581,0.4
1.01647E-4,28.503147648,0.317328582,0.234171554,0.290322581,0.4
1.02096E-4,28.757951993,0.318477377,0.231686711,0.290322581,0.4
1.02654E-4,29.00371682,0.31990492,0.229301262,0.290322581,0.4
1.03363E-4,29.251066283,0.321713166,0.226915814,0.290322581,0.4
1.0405E-4,29.51019874,0.323461029,0.224430971,0.290322581,0.4
1.0505E-4,29.750857956,0.325996086,0.222144916,0.306451613,0.4
1.06155E-4,30.00434935,0.328787143,0.219759467,0.306451613,0.4
1.07124E-4,30.260216253,0.331226668,0.217374018,0.306451613,0.4
1.08106E-4,30.507696668,0.333687127,0.215087963,0.306451613,0.4
1.09044E-4,30.757477138,0.336029726,0.212801908,0.306451613,0.4
1.09803E-4,31.009140558,0.337921824,0.210515853,0.306451613,0.4
1.10538E-4,31.25141997,0.339746458,0.208329192,0.306451613,0.4
1.11293E-4,31.506407865,0.341615171,0.206043137,0.306451613,0.4
1.12147E-4,31.75235951,0.343722483,0.203856475,0.306451613,0.4
1.13059E-4,32.000127884,0.345968025,0.201669814,0.306451613,0.4
1.14036E-4,32.250103955,0.348363644,0.199483153,0.306451613,0.4
1.15387E-4,32.502507536,0.351660351,0.197296491,0.306451613,0.4
1.16596E-4,32.757999962,0.354598616,0.19510983,0.306451613,0.4
1.17829E-4,33.004119435,0.357579135,0.193022562,0.306451613,0.4
1.18699E-4,33.252528846,0.359673945,0.190935295,0.306451613,0.466666667
1.19733E-4,33.503133631,0.362157262,0.188848027,0.306451613,0.466666667
1.20615E-4,33.755751786,0.364265514,0.186760759,0.306451613,0.466666667
1.21523E-4,34.009851062,0.366431159,0.184673492,0.306451613,0.466666667
1.22702E-4,34.254198431,0.369228321,0.182685618,0.306451613,0.466666667
1.23453E-4,34.500453266,0.371005963,0.180697744,0.306451613,0.466666667
1.24371E-4,34.760708136,0.373171226,0.178610476,0.306451613,0.466666667
1.25604E-4,35.010875093,0.376065968,0.176622602,0.306451613,0.466666667
1.26616E-4,35.250577768,0.378434189,0.174734122,0.306451613,0.466666667
1.2776E-4,35.505130138,0.381098012,0.172746248,0.306451613,0.466666667
1.28915E-4,35.761735485,0.383777939,0.170758374,0.306451613,0.466666667
1.29509E-4,36.007219195,0.385150825,0.168869894,0.306451613,0.466666667
1.30597E-4,36.254444487,0.387656581,0.166981413,0.306451613,0.466666667
1.31557E-4,36.503643099,0.389861551,0.165092933,0.306451613,0.466666667
1.33054E-4,36.755300177,0.393282408,0.163204453,0.306451613,0.466666667
1.33891E-4,37.008766355,0.39518607,0.161315973,0.306451613,0.466666667
1.34831E-4,37.250624025,0.397316396,0.159526886,0.306451613,0.533333333
1.36535E-4,37.508650728,0.401160667,0.157638406,0.306451613,0.533333333
1.37267E-4,37.755164133,0.40280575,0.155849319,0.306451613,0.533333333
1.38344E-4,38.003218585,0.40521628,0.154060233,0.306451613,0.533333333
1.39397E-4,38.253266224,0.40756361,0.152271146,0.306451613,0.533333333
1.41232E-4,38.505966683,0.411631587,0.150482059,0.306451613,0.533333333
1.42505E-4,38.761413697,0.41443922,0.148692973,0.306451613,0.533333333
1.43727E-4,39.004889052,0.417119353,0.14700328,0.322580645,0.533333333
1.44982E-4,39.25026701,0.419861315,0.145313587,0.322580645,0.533333333
1.46102E-4,39.51231115,0.422295861,0.143524501,0.322580645,0.533333333
1.47036E-4,39.761369754,0.42431887,0.141834808,0.322580645,0.533333333
1.48215E-4,40.012365849,0.426862546,0.140145115,0.322580645,0.533333333
1.49207E-4,40.250360948,0.428993654,0.138554816,0.322580645,0.533333333
1.50519E-4,40.505155904,0.431798619,0.136865123,0.322580645,0.533333333
1.52037E-4,40.762351269,0.435029683,0.13517543,0.322580645,0.533333333
1.53297E-4,41.006619221,0.437696898,0.133585131,0.322580645,0.533333333
1.54718E-4,41.253198312,0.440689888,0.131994832,0.322580645,0.533333333
1.56042E-4,41.501766801,0.44346442,0.130404532,0.322580645,0.533333333
1.57091E-4,41.752300881,0.445651059,0.128814233,0.322580645,0.533333333
1.5899E-4,42.005188588,0.449591758,0.127223934,0.322580645,0.533333333
1.60245E-4,42.260546984,0.452179759,0.125633635,0.322580645,0.533333333
1.61384E-4,42.501821304,0.454517499,0.124142729,0.338709677,0.533333333
1.62701E-4,42.761140769,0.457208439,0.12255243,0.338709677,0.533333333
1.639E-4,43.006204945,0.459648116,0.121061525,0.338709677,0.533333333
1.65613E-4,43.253292569,0.463113047,0.119570619,0.338709677,0.533333333
1.67102E-4,43.502813296,0.466106515,0.118079714,0.338709677,0.533333333
1.68517E-4,43.754630333,0.468936339,0.116588808,0.338709677,0.533333333
1.70011E-4,44.008515287,0.471907382,0.115097903,0.338709677,0.533333333
1.71243E-4,44.26438876,0.47434472,0.113606997,0.338709677,0.533333333
1.72641E-4,44.505119865,0.477098167,0.112215486,0.338709677,0.533333333
1.74147E-4,44.765252252,0.480048012,0.11072458,0.338709677,0.533333333
1.7539E-4,45.010077663,0.482469272,0.109333068,0.338709677,0.533333333
1.76341E-4,45.256352772,0.484313323,0.107941557,0.338709677,0.533333333
1.77961E-4,45.504183606,0.487441494,0.106550045,0.338709677,0.533333333
1.79122E-4,45.754415849,0.48967164,0.105158533,0.35483871,0.533333333
1.80847E-4,46.006432166,0.492966506,0.103767021,0.35483871,0.533333333
1.82426E-4,46.260674902,0.495964765,0.102375509,0.35483871,0.533333333
1.84146E-4,46.517686842,0.499210025,0.100983998,0.35483871,0.533333333
1.85255E-4,46.75778533,0.501291121,0.09969188,0.35483871,0.533333333
1.87169E-4,47.018481571,0.5048635,0.098300368,0.35483871,0.533333333
1.89075E-4,47.263215575,0.508395296,0.09700825,0.370967742,0.533333333
1.90419E-4,47.510181351,0.510869269,0.095716132,0.370967742,0.533333333
1.92828E-4,47.759559789,0.515275818,0.094424014,0.370967742,0.533333333
1.94415E-4,48.011268216,0.518156374,0.093131895,0.370967742,0.533333333
1.96345E-4,48.265276525,0.521636414,0.091839777,0.370967742,0.533333333
1.98062E-4,48.502406263,0.524710063,0.090647053,0.370967742,0.533333333
1.99728E-4,48.761188155,0.527674198,0.089354935,0.370967742,0.533333333
2.00991E-4,49.001853672,0.529909476,0.088162211,0.370967742,0.533333333
2.03401E-4,49.265076202,0.534144633,0.086870092,0.370967742,0.533333333
2.05139E-4,49.510237508,0.537176221,0.085677368,0.370967742,0.533333333
2.06514E-4,49.757251023,0.539560609,0.084484644,0.370967742,0.533333333
2.08563E-4,50.006356728,0.54308906,0.083291919,0.370967742,0.533333333
2.09961E-4,50.257789787,0.545481804,0.082099195,0.370967742,0.533333333
2.11843E-4,50.511003796,0.548683415,0.080906471,0.370967742,0.533333333
2.13825E-4,50.766385924,0.552029524,0.079713746,0.370967742,0.533333333
2.16595E-4,51.003471815,0.556665659,0.078620415,0.370967742,0.533333333
2.18776E-4,51.265193493,0.560282851,0.077427691,0.370967742,0.533333333
2.20517E-4,51.506857916,0.563147876,0.07633436,0.370967742,0.533333333
2.23217E-4,51.75110305,0.567555402,0.07524103,0.370967742,0.533333333
2.25928E-4,52.02010515,0.571936484,0.074048305,0.370967742,0.533333333
2.27651E-4,52.269674383,0.574696569,0.072954975,0.370967742,0.533333333
2.30685E-4,52.522205792,0.579515404,0.071861644,0.387096774,0.533333333
2.32698E-4,52.754108306,0.582682997,0.070867707,0.387096774,0.533333333
2.34936E-4,53.01131073,0.586175214,0.069774376,0.387096774,0.533333333
2.36988E-4,53.271201544,0.589352809,0.068681046,0.387096774,0.533333333
2.4158E-4,53.510535493,0.596373356,0.067687109,0.387096774,0.533333333
2.43471E-4,53.752926682,0.599228941,0.066693172,0.387096774,0.533333333
2.44694E-4,54.021519479,0.601065738,0.065599841,0.403225806,0.533333333
2.47406E-4,54.267763044,0.605108415,0.064605904,0.419354839,0.533333333
2.51375E-4,54.516718056,0.610951081,0.063611967,0.435483871,0.533333333
2.56221E-4,54.771044758,0.617967424,0.06261803,0.435483871,0.533333333
2.58023E-4,55.002642938,0.620544057,0.061723487,0.451612903,0.533333333
2.6093E-4,55.262552672,0.624664077,0.06072955,0.451612903,0.533333333
2.63961E-4,55.52548724,0.628912643,0.059735613,0.451612903,0.533333333
2.66354E-4,55.764643792,0.632232719,0.058841069,0.451612903,0.6
2.67652E-4,56.005042858,0.634020647,0.057946526,0.451612903,0.6
2.70696E-4,56.274212848,0.638181277,0.056952589,0.451612903,0.6
2.74474E-4,56.519970285,0.643278775,0.056058046,0.451612903,0.6
2.77232E-4,56.768348713,0.646953863,0.055163503,0.451612903,0.6
2.80051E-4,57.019323264,0.650671687,0.054268959,0.451612903,0.6
2.81572E-4,57.272064166,0.652662268,0.053374416,0.451612903,0.6
2.86811E-4,57.528427147,0.659428849,0.052479873,0.451612903,0.6
2.90055E-4,57.759329517,0.663553604,0.051684723,0.451612903,0.6
2.91873E-4,58.021304218,0.665842832,0.05079018,0.451612903,0.6
2.97147E-4,58.257304948,0.672396213,0.04999503,0.451612903,0.6
3.0099E-4,58.526690886,0.677090514,0.049100487,0.451612903,0.6
3.0732E-4,58.770698737,0.684675356,0.048305337,0.451612903,0.6
3.10635E-4,59.017822504,0.688577133,0.047510188,0.451612903,0.6
3.14002E-4,59.267747681,0.692490388,0.046715038,0.451612903,0.6
3.17566E-4,59.520225132,0.696579336,0.045919889,0.451612903,0.6
3.20776E-4,59.77565703,0.700215124,0.045124739,0.451612903,0.6
3.22963E-4,60.001153221,0.702667091,0.044428983,0.451612903,0.6
3.27199E-4,60.260978776,0.707359689,0.043633834,0.451612903,0.6
3.3423E-4,60.525672705,0.714986177,0.042838684,0.483870968,0.6
3.381E-4,60.761465005,0.719098297,0.042142928,0.483870968,0.6
3.44444E-4,61.034382602,0.725711502,0.041347779,0.483870968,0.6
3.49179E-4,61.277526312,0.730545904,0.040652023,0.483870968,0.6
3.57207E-4,61.525487833,0.738548408,0.039956267,0.483870968,0.6
3.63081E-4,61.777550801,0.744253519,0.039260511,0.483870968,0.6
3.67564E-4,62.03272015,0.748522594,0.038564755,0.5,0.6
3.68817E-4,62.25359057,0.749703491,0.037968393,0.5,0.6
3.7391E-4,62.513909007,0.754445886,0.037272637,0.5,0.6
3.78321E-4,62.777852175,0.758479808,0.036576881,0.5,0.666666667
3.85296E-4,63.007863668,0.764724322,0.035980519,0.5,0.666666667
3.90569E-4,63.279181032,0.769337621,0.035284763,0.5,0.666666667
3.94116E-4,63.514428726,0.772389862,0.034688401,0.5,0.666666667
3.98742E-4,63.752504386,0.776309849,0.034092039,0.5,0.666666667
4.05197E-4,64.034491586,0.781667264,0.033396283,0.5,0.666666667
4.12747E-4,64.280836494,0.787771182,0.03279992,0.516129032,0.733333333
4.19728E-4,64.530519122,0.793262726,0.032203558,0.516129032,0.733333333
4.28028E-4,64.785803041,0.799607945,0.031607196,0.516129032,0.733333333
4.30826E-4,65.000866888,0.801702219,0.031110228,0.532258065,0.733333333
4.37672E-4,65.261200729,0.806735709,0.030513865,0.548387097,0.733333333
4.42051E-4,65.525734299,0.809888328,0.029917503,0.548387097,0.8
4.50878E-4,65.7940917,0.816087258,0.029321141,0.564516129,0.8
4.56769E-4,66.02076038,0.820111017,0.028824173,0.564516129,0.8
4.74641E-4,66.253343045,0.831788689,0.028327204,0.596774194,0.8
4.88075E-4,66.543348853,0.840064847,0.027730842,0.596774194,0.8
4.93999E-4,66.789317143,0.843584196,0.027233873,0.596774194,0.8
5.06734E-4,67.039209266,0.850888798,0.026736905,0.596774194,0.8
5.11139E-4,67.293825094,0.853335192,0.026239936,0.612903226,0.8
5.19776E-4,67.551904544,0.858016067,0.025742968,0.612903226,0.8
5.24245E-4,67.760963431,0.860379356,0.025345393,0.612903226,0.8
5.33088E-4,68.026516387,0.86494015,0.024848425,0.612903226,0.8
5.36671E-4,68.294212441,0.86674512,0.024351456,0.612903226,0.8
5.41948E-4,68.510194103,0.869360265,0.023953881,0.612903226,0.8
5.51428E-4,68.784236163,0.873929504,0.023456913,0.612903226,0.8
5.57931E-4,69.006443392,0.87697098,0.023059338,0.612903226,0.8
5.75005E-4,69.290203052,0.884612187,0.02256237,0.612903226,0.8
5.89829E-4,69.524517418,0.890860506,0.022164795,0.612903226,0.8
5.99229E-4,69.763506808,0.894646376,0.02176722,0.612903226,0.8
6.05841E-4,70.00462304,0.897230297,0.021369645,0.612903226,0.8
6.17607E-4,70.311156072,0.901672572,0.020872677,0.612903226,0.8
6.27662E-4,70.561278661,0.905316366,0.020475102,0.612903226,0.8
6.32577E-4,70.750791614,0.907048047,0.020176921,0.612903226,0.8
6.3492E-4,71.00430817,0.907862384,0.019779346,0.612903226,0.8
6.53424E-4,71.2620109,0.914047875,0.019381771,0.612903226,0.8
6.62451E-4,71.525498467,0.916912908,0.018984196,0.612903226,0.8
6.70903E-4,71.793066955,0.91950871,0.018586622,0.612903226,0.8
6.78317E-4,72.063181088,0.921719112,0.018189047,0.629032258,0.8
6.85094E-4,72.267871903,0.92368633,0.017890866,0.629032258,0.8
6.93883E-4,72.544148184,0.926164033,0.017493291,0.629032258,0.8
7.05879E-4,72.75463586,0.92941671,0.01719511,0.629032258,0.8
7.13396E-4,73.038595698,0.931381335,0.016797535,0.629032258,0.8
7.25871E-4,73.255836578,0.93452208,0.016499354,0.629032258,0.8
7.35508E-4,73.548935928,0.936849424,0.016101779,0.64516129,0.8
7.43588E-4,73.771127754,0.938737037,0.015803598,0.64516129,0.8
7.5462E-4,74.071983087,0.941223237,0.015406023,0.64516129,0.8
7.60082E-4,74.299382879,0.942416701,0.015107842,0.64516129,0.8
7.67582E-4,74.528872374,0.944015915,0.014809661,0.64516129,0.8
7.75096E-4,74.760475448,0.945573734,0.01451148,0.64516129,0.8
7.814E-4,75.072665883,0.946847148,0.014113905,0.64516129,0.8
7.90149E-4,75.309489086,0.948565207,0.013815724,0.64516129,0.8
7.96973E-4,75.548017118,0.949866604,0.013517543,0.64516129,0.8
8.09731E-4,75.789246794,0.952212129,0.013219362,0.64516129,0.8
8.26923E-4,76.036801741,0.955199962,0.012921181,0.64516129,0.8
8.33395E-4,76.286169232,0.956275738,0.012623,0.64516129,0.8
8.40485E-4,76.537259934,0.957424574,0.012324819,0.64516129,0.8
8.47003E-4,76.790937634,0.958454155,0.012026638,0.64516129,0.8
8.64304E-4,77.04887878,0.961067756,0.011728456,0.64516129,0.8
8.74864E-4,77.310744456,0.962581527,0.011430275,0.64516129,0.8
9.02875E-4,77.578330492,0.966317823,0.011132094,0.64516129,0.8
9.11831E-4,77.760592784,0.967431959,0.010933307,0.661290323,0.8
9.31896E-4,78.038444096,0.969795887,0.010635126,0.661290323,0.8
9.36393E-4,78.318659114,0.970301685,0.010336945,0.661290323,0.8
9.47852E-4,78.507883218,0.971552724,0.010138157,0.661290323,0.8
9.6896E-4,78.7957148,0.973720691,0.009839976,0.661290323,0.8
1.00505E-3,79.092809641,0.977051855,0.009541795,0.677419355,0.8
1.02214E-3,79.295732819,0.978477989,0.009343008,0.677419355,0.8
1.0467E-3,79.503128697,0.980374518,0.00914422,0.677419355,0.8
1.07377E-3,79.820840547,0.98227154,0.008846039,0.677419355,0.8
1.10921E-3,80.040725199,0.984481124,0.008647252,0.677419355,0.8
1.11059E-3,80.262788656,0.984561217,0.008448464,0.677419355,0.8
1.12584E-3,80.598592167,0.985420749,0.008150283,0.677419355,0.8
1.15309E-3,80.827714805,0.986838879,0.007951496,0.677419355,0.8
1.15864E-3,81.059241627,0.987110483,0.007752708,0.677419355,0.8
1.20059E-3,81.298037817,0.988988942,0.007553921,0.677419355,0.8
1.28035E-3,81.547058994,0.991839118,0.007355134,0.677419355,0.8
1.28818E-3,81.80391949,0.992075701,0.007156346,0.677419355,0.8
1.31824E-3,82.06647123,0.992921736,0.006957559,0.677419355,0.8
1.33321E-3,82.332200046,0.993308528,0.006758771,0.677419355,0.8
1.36784E-3,82.603897296,0.994124733,0.006559984,0.677419355,0.8
1.39268E-3,82.880247278,0.994647875,0.006361197,0.677419355,0.8
1.41352E-3,83.021599054,0.995050806,0.006261803,0.677419355,0.8
1.44392E-3,83.309642183,0.995584851,0.006063016,0.677419355,0.8
1.46454E-3,83.602003838,0.995913858,0.005864228,0.677419355,0.8
1.50229E-3,83.899823065,0.996454001,0.005665441,0.677419355,0.8
1.54729E-3,84.054551817,0.997005293,0.005566047,0.677419355,0.8
1.626E-3,84.372186854,0.997771681,0.00536726,0.677419355,0.8
1.62712E-3,84.534898858,0.997781055,0.005267866,0.677419355,0.8
1.69557E-3,84.871156898,0.998284044,0.005069079,0.677419355,0.8
1.69853E-3,85.041009962,0.998303027,0.004969685,0.693548387,0.8
1.77807E-3,85.394697517,0.998741218,0.004770898,0.693548387,0.8
1.83571E-3,85.578268333,0.998986237,0.004671504,0.709677419,0.8
1.88294E-3,85.766561956,0.999151001,0.00457211,0.709677419,0.8
1.89197E-3,86.144277791,0.999179317,0.004373323,0.725806452,0.8
1.91128E-3,86.335405416,0.99923672,0.004273929,0.741935484,0.8
1.95814E-3,86.531219255,0.999359895,0.004174535,0.741935484,0.8
2.04118E-3,86.935407874,0.9995314,0.003975748,0.758064516,0.8
2.07039E-3,87.142447034,0.999580082,0.003876354,0.758064516,0.8
2.10554E-3,87.353001493,0.999632015,0.003776961,0.758064516,0.8
2.11651E-3,87.564652174,0.999646857,0.003677567,0.758064516,0.8
2.13738E-3,87.77838979,0.999673478,0.003578173,0.758064516,0.8
2.19428E-3,88.214138777,0.999736309,0.003379386,0.758064516,0.8
2.29386E-3,88.443525169,0.999818583,0.003279992,0.758064516,0.8
2.31533E-3,88.675058419,0.999832636,0.003180598,0.774193548,0.8
2.35366E-3,88.910424182,0.999855071,0.003081205,0.774193548,0.8
2.39849E-3,89.150273145,0.999877529,0.002981811,0.774193548,0.8
2.43349E-3,89.393622421,0.999892615,0.002882417,0.774193548,0.8
2.51812E-3,89.645434264,0.999921852,0.002783024,0.774193548,0.8
2.52186E-3,89.897620267,0.999922943,0.00268363,0.774193548,0.8
2.53517E-3,90.151136861,0.999926699,0.002584236,0.774193548,0.8
2.5834E-3,90.409476425,0.999938843,0.002484842,0.774193548,0.8
2.64459E-3,90.673935485,0.9999514,0.002385449,0.790322581,0.8
2.66327E-3,90.940262357,0.999954692,0.002286055,0.790322581,0.8
2.8199E-3,91.222251986,0.99997484,0.002186661,0.790322581,0.8
2.89755E-3,91.51200702,0.999981204,0.002087268,0.790322581,0.8
2.95648E-3,91.807654758,0.999984936,0.001987874,0.790322581,0.8
3.01747E-3,92.1094021,0.99998802,0.00188848,0.790322581,0.8
3.19573E-3,92.428975311,0.999993866,0.001789087,0.806451613,0.8
3.26644E-3,92.755619692,0.999995297,0.001689693,0.822580645,0.8
3.34522E-3,93.090141909,0.999996501,0.001590299,0.838709677,0.8
3.35963E-3,93.426104474,0.999996686,0.001490905,0.838709677,0.8
3.51553E-3,93.777657059,0.999998154,0.001391512,0.85483871,0.8
3.53161E-3,94.130818264,0.999998263,0.001292118,0.85483871,0.8
3.58148E-3,94.488966392,0.999998559,0.001192724,0.85483871,0.8
3.59971E-3,94.540230207,0.999998655,0.001093331,0.870967742,0.8
3.71351E-3,94.860317439,0.999999123,0.001093331,0.870967742,0.866666667
3.7416E-3,95.234477766,0.99999921,0.000993937,0.887096774,0.866666667
3.80615E-3,95.615093183,0.99999938,0.000894543,0.903225806,0.866666667
3.91646E-3,96.006739027,0.999999591,0.00079515,0.903225806,0.866666667
4.53219E-3,96.459958129,0.999999959,0.000695756,0.919354839,0.866666667
4.71061E-3,96.931018891,0.999999979,0.000596362,0.935483871,0.933333333
4.79849E-3,97.410868116,0.999999985,0.000496968,0.935483871,0.933333333
5.58359E-3,97.869702866,0.999999999,0.000397575,0.935483871,0.933333333
5.98112E-3,98.587883308,1,0.000298181,0.951612903,1
6.11038E-3,99.198921347,1,0.000198787,0.967741935,1
8.01079E-3,100,1,0.000099394,0.983870968,1
8.01079E-3,100,1,0.000099394,1,1
